Method: a thread per element
row=20 col=20
80 80 80 80 80 80 80 80 80 80 80 80 80 80 80 80 80 80 80 80 
80 80 80 80 80 80 80 80 80 80 80 80 80 80 80 80 80 80 80 80 
80 80 80 80 80 80 80 80 80 80 80 80 80 80 80 80 80 80 80 80 
80 80 80 80 80 80 80 80 80 80 80 80 80 80 80 80 80 80 80 80 
80 80 80 80 80 80 80 80 80 80 80 80 80 80 80 80 80 80 80 80 
80 80 80 80 80 80 80 80 80 80 80 80 80 80 80 80 80 80 80 80 
80 80 80 80 80 80 80 80 80 80 80 80 80 80 80 80 80 80 80 80 
80 80 80 80 80 80 80 80 80 80 80 80 80 80 80 80 80 80 80 80 
80 80 80 80 80 80 80 80 80 80 80 80 80 80 80 80 80 80 80 80 
80 80 80 80 80 80 80 80 80 80 80 80 80 80 80 80 80 80 80 80 
80 80 80 80 80 80 80 80 80 80 80 80 80 80 80 80 80 80 80 80 
80 80 80 80 80 80 80 80 80 80 80 80 80 80 80 80 80 80 80 80 
80 80 80 80 80 80 80 80 80 80 80 80 80 80 80 80 80 80 80 80 
80 80 80 80 80 80 80 80 80 80 80 80 80 80 80 80 80 80 80 80 
80 80 80 80 80 80 80 80 80 80 80 80 80 80 80 80 80 80 80 80 
80 80 80 80 80 80 80 80 80 80 80 80 80 80 80 80 80 80 80 80 
80 80 80 80 80 80 80 80 80 80 80 80 80 80 80 80 80 80 80 80 
80 80 80 80 80 80 80 80 80 80 80 80 80 80 80 80 80 80 80 80 
80 80 80 80 80 80 80 80 80 80 80 80 80 80 80 80 80 80 80 80 
80 80 80 80 80 80 80 80 80 80 80 80 80 80 80 80 80 80 80 80 
