Method: a thread per matrix
row=20 col=20
80 80 80 80 80 80 80 80 80 80 80 80 80 80 80 80 80 80 80 80 
80 80 80 80 80 80 80 80 80 80 80 80 80 80 80 80 80 80 80 80 
80 80 80 80 80 80 80 80 80 80 80 80 80 80 80 80 80 80 80 80 
80 80 80 80 80 80 80 80 80 80 80 80 80 80 80 80 80 80 80 80 
80 80 80 80 80 80 80 80 80 80 80 80 80 80 80 80 80 80 80 80 
80 80 80 80 80 80 80 80 80 80 80 80 80 80 80 80 80 80 80 80 
80 80 80 80 80 80 80 80 80 80 80 80 80 80 80 80 80 80 80 80 
80 80 80 80 80 80 80 80 80 80 80 80 80 80 80 80 80 80 80 80 
80 80 80 80 80 80 80 80 80 80 80 80 80 80 80 80 80 80 80 80 
80 80 80 80 80 80 80 80 80 80 80 80 80 80 80 80 80 80 80 80 
80 80 80 80 80 80 80 80 80 80 80 80 80 80 80 80 80 80 80 80 
80 80 80 80 80 80 80 80 80 80 80 80 80 80 80 80 80 80 80 80 
80 80 80 80 80 80 80 80 80 80 80 80 80 80 80 80 80 80 80 80 
80 80 80 80 80 80 80 80 80 80 80 80 80 80 80 80 80 80 80 80 
80 80 80 80 80 80 80 80 80 80 80 80 80 80 80 80 80 80 80 80 
80 80 80 80 80 80 80 80 80 80 80 80 80 80 80 80 80 80 80 80 
80 80 80 80 80 80 80 80 80 80 80 80 80 80 80 80 80 80 80 80 
80 80 80 80 80 80 80 80 80 80 80 80 80 80 80 80 80 80 80 80 
80 80 80 80 80 80 80 80 80 80 80 80 80 80 80 80 80 80 80 80 
80 80 80 80 80 80 80 80 80 80 80 80 80 80 80 80 80 80 80 80 
